1778909590822 0.9449150240634714 0
1778909591173 0.8322851037430337 1
1778909591514 0.7655304405085571 2
1778909591853 0.766291773380221 3
1778909592188 0.7608378457901118 4
1778909592526 0.7604755957413207 5
1778909592863 0.759932616939935 6
1778909593203 0.7599554378968065 7
1778909593540 0.7593833770593414 8
1778909593876 0.759413348591846 9
1778909594214 0.7595198264207377 10
1778909594552 0.7584978849686626 11
1778909594937 0.7579543092061797 12
1778909595279 0.7554156286332309 13
1778909595614 0.7498486523737993 14
1778909595954 0.7487543781700037 15
1778909596290 0.7470308115415256 16
1778909596626 0.744056498912899 17
1778909596963 0.738944688416503 18
1778909597341 0.7348473242786534 19
1778909597678 0.733883851934272 20
1778909598011 0.7316389443624355 21
1778909598347 0.7300823757715542 22
1778909598685 0.7278211182340637 23
1778909599021 0.7274384186091021 24
1778909599357 0.7228032358162239 25
1778909599691 0.718637201792139 26
1778909600048 0.7240644280258042 27
1778909600385 0.719554751425448 28
1778909600770 0.7198231390979893 29
1778909601122 0.7104671428270657 30
1778909601475 0.7024326877825705 31
1778909601826 0.7005308611923472 32
1778909602167 0.7012596869712595 33
1778909602511 0.708379338007144 34
1778909602854 0.691051733005992 35
1778909603195 0.7002024013368066 36
1778909603539 0.6931977470207702 37
1778909603887 0.7005081138647425 38
1778909604236 0.692263839037522 39
1778909604590 0.6672133032013389 40
1778909604967 0.6546079290797339 41
1778909605331 0.6408501721708976 42
1778909605682 0.6444257453579427 43
1778909606032 0.633264060520455 44
1778909606383 0.6321314818718854 45
1778909606725 0.6250353039378096 46
1778909607112 0.6412636066031883 47
1778909607451 0.630815031888235 48
1778909607786 0.6160910519797479 49
1778909608121 0.6037707440078716 50
1778909608458 0.5775281503377363 51
1778909608793 0.6186654114967112 52
1778909609126 0.5887922525710767 53
1778909609460 0.5551236656010913 54
1778909609794 0.5840324238133248 55
1778909610144 0.5497286124607487 56
1778909610478 0.5636665072587445 57
1778909610827 0.52498497956854 58
1778909611178 0.53141518588871 59
1778909611515 0.5448481449690621 60
1778909611850 0.5236998006053593 61
1778909612205 0.5128779525647078 62
1778909612546 0.48515804664558154 63
1778909612879 0.47697672194532115 64
1778909613215 0.47942300380953135 65
1778909613569 0.47145997868169603 66
1778909613906 0.4738038875105436 67
1778909614269 0.5019876046863663 68
1778909614607 0.48101305168912845 69
1778909614943 0.45826632523780586 70
1778909615293 0.46464524763014614 71
1778909615628 0.4697309079225106 72
1778909615963 0.447471172608378 73
1778909616300 0.4452922214632449 74
1778909616653 0.45120241308151304 75
1778909617011 0.47801574531113705 76
1778909617370 0.4466195037145444 77
1778909617707 0.44896366826408657 78
1778909618041 0.444750059596108 79
1778909618398 0.42757277354559936 80
1778909618745 0.4288307898642157 81
1778909619094 0.4136100922094282 82
1778909619435 0.4342455612424085 83
1778909619782 0.44508824506988914 84
1778909620125 0.4788992482682933 85
1778909620461 0.47549924726986215 86
1778909620793 0.45901092162827395 87
1778909621131 0.4541192948818207 88
1778909621464 0.4387426171308893 89
1778909621800 0.42872671314212674 90
1778909622136 0.41124891952785386 91
1778909622505 0.401223280774358 92
1778909622849 0.42642757014545335 93
1778909623191 0.4023520208685599 94
1778909623533 0.40164422051376086 95
1778909623868 0.4278652091770221 96
1778909624224 0.40733766014618644 97
1778909624567 0.3849285838701536 98
1778909624908 0.3833655453551456 99
