1778908882455 0.9054348953544636 0
1778908882807 0.7873585922333896 1
1778908883150 0.7431142247851242 2
1778908883496 0.7385941728606553 3
1778908883870 0.737540575092101 4
1778908884215 0.7379799925762675 5
1778908884551 0.7364539057397477 6
1778908884885 0.7365943999851451 7
1778908885218 0.735369992987884 8
1778908885556 0.7337009931159446 9
1778908885894 0.73119928647795 10
1778908886226 0.7260812473723955 11
1778908886564 0.7213028442219395 12
1778908886901 0.7195450559906338 13
1778908887235 0.7167264703289628 14
1778908887571 0.7182836794792233 15
1778908887905 0.7124212933013506 16
1778908888238 0.7096807974988543 17
1778908888573 0.7099054013676656 18
1778908888910 0.7067795651952934 19
1778908889244 0.697895925215748 20
1778908889577 0.6933328018468969 21
1778908889967 0.686229111136073 22
1778908890312 0.6891996211103161 23
1778908890652 0.6893269684918396 24
1778908891004 0.6817347366181786 25
1778908891348 0.7003024217417783 26
1778908891945 0.6949019287248401 27
1778908892309 0.6808267979670668 28
1778908892677 0.6782049413227365 29
1778908893020 0.6676575009475278 30
1778908893366 0.6610615616259368 31
1778908893796 0.660036589102367 32
1778908894392 0.6610903262787158 33
1778908894763 0.6379102634651886 34
1778908895121 0.6304194187874075 35
1778908895481 0.632055313690849 36
1778908895833 0.621071325696033 37
1778908896167 0.6211733930860944 38
1778908896507 0.6053871129784743 39
1778908896840 0.5816792716150698 40
1778908897169 0.5757842565436497 41
1778908897502 0.5661388222518784 42
1778908897835 0.5579354999315403 43
1778908898164 0.5474838419338627 44
1778908898495 0.5387395376439594 45
1778908898826 0.5471866588153498 46
1778908899158 0.5518441967037327 47
1778908899499 0.5341449189369026 48
1778908899833 0.5304261902561578 49
1778908900180 0.5389129022503143 50
1778908900527 0.5204837899988569 51
1778908900867 0.5069870454118685 52
1778908901201 0.5049054643229756 53
1778908901541 0.48932816770375537 54
1778908901870 0.47202629216796604 55
1778908902199 0.4667062195365691 56
1778908902531 0.46193556209354447 57
1778908902941 0.47849992100540023 58
1778908903275 0.4685129626937535 59
1778908903606 0.49347637597557226 60
1778908903938 0.4697175943638053 61
1778908904271 0.4373278580510708 62
1778908904604 0.4289659536860483 63
1778908904936 0.4437022613899787 64
1778908905267 0.4457899179604962 65
1778908905612 0.4289792117560306 66
1778908905955 0.42919602837708903 67
1778908906294 0.40760183250507737 68
1778908906632 0.4032700678424152 69
1778908906965 0.41695440577728976 70
1778908907297 0.4325354933128942 71
1778908907626 0.4435399372864257 72
1778908908025 0.4117614275506695 73
1778908908355 0.4040036855451286 74
1778908908689 0.4081396429282625 75
1778908909023 0.3825313969493827 76
1778908909380 0.37340256106822994 77
1778908909719 0.38534610716583173 78
1778908910052 0.39004279844596257 79
1778908910385 0.3566153528135451 80
1778908910717 0.35819033466641553 81
1778908911048 0.347880838853319 82
1778908911379 0.36452257267349514 83
1778908911709 0.35958869377975267 84
1778908912041 0.3495909826225027 85
1778908912374 0.3580267101602481 86
1778908912705 0.35178867798022295 87
1778908913036 0.3522607337330918 88
1778908913367 0.34574225567795736 89
1778908913696 0.35314174823443906 90
1778908914040 0.3538329617294204 91
1778908914374 0.33662396067243705 92
1778908914704 0.3471172054100524 93
1778908915044 0.3398236973053964 94
1778908915429 0.3400255749597574 95
1778908915758 0.34871431179058826 96
1778908916089 0.33865758951972513 97
1778908916418 0.3287958978387096 98
1778908916748 0.31786515188339115 99
