1778910459757 0.9447962237745905 0
1778910460183 0.8504797528162027 1
1778910460547 0.7733063467628206 2
1778910460890 0.7622693745071626 3
1778910461232 0.7602902762115459 4
1778910461682 0.75949624401834 5
1778910462075 0.7590663551979357 6
1778910462433 0.7588484012867178 7
1778910462774 0.758901971380424 8
1778910463114 0.7584052538627859 9
1778910463463 0.7577669358314456 10
1778910463806 0.7573945607675616 11
1778910464150 0.7568211489931091 12
1778910464489 0.7524906948704244 13
1778910464836 0.7476991331180953 14
1778910465178 0.7415737328322037 15
1778910465524 0.7351888023374026 16
1778910465866 0.7324418539891158 17
1778910466207 0.728402877555174 18
1778910466546 0.7248241713894602 19
1778910466888 0.7240443580290851 20
1778910467241 0.7182689920410781 21
1778910467609 0.7135340551586102 22
1778910467990 0.7084355409188039 23
1778910468346 0.7076907109116655 24
1778910468694 0.7069148438056106 25
1778910469035 0.7218055159539518 26
1778910469376 0.7253962543309497 27
1778910469713 0.7131615220128423 28
1778910470073 0.7048605294788585 29
1778910470418 0.6975459032656287 30
1778910470760 0.6934491653576531 31
1778910471104 0.6825444125153525 32
1778910471455 0.67820949795301 33
1778910471800 0.6738613738733179 34
1778910472218 0.6570259710711897 35
1778910472566 0.6703742196797715 36
1778910472937 0.6643114018318294 37
1778910473313 0.6613660552312651 38
1778910473654 0.6459016780109357 39
1778910473998 0.6349212826060517 40
1778910474337 0.6389437816332063 41
1778910474672 0.6424782928603384 42
1778910475009 0.6466869214916473 43
1778910475352 0.6428748047565256 44
1778910475688 0.6516539770014146 45
1778910476027 0.6471898394167576 46
1778910476366 0.6434542099228295 47
1778910476705 0.6216500945713209 48
1778910477045 0.6071425975131257 49
1778910477382 0.6358589665664126 50
1778910477720 0.6357256701535277 51
1778910478058 0.6120952653610493 52
1778910478397 0.6042072347667821 53
1778910478736 0.599273696122572 54
1778910479077 0.599694830224947 55
1778910479415 0.5848133018254624 56
1778910479756 0.5891333412941154 57
1778910480101 0.5714124904569152 58
1778910480457 0.5694289071023312 59
1778910480796 0.5702254127358537 60
1778910481134 0.5614903073786469 61
1778910481473 0.5370789882167221 62
1778910481814 0.5344916268077957 63
1778910482153 0.5174099867758544 64
1778910482490 0.4814538954926269 65
1778910482826 0.4780327231073014 66
1778910483161 0.4809832261956256 67
1778910483495 0.4741732448415683 68
1778910483830 0.4713166387337248 69
1778910484172 0.44033765350766196 70
1778910484510 0.443787433988298 71
1778910484850 0.42415323693429113 72
1778910485187 0.4136931766634402 73
1778910485524 0.4051630084624376 74
1778910485864 0.42004615769666787 75
1778910486202 0.40686192956117107 76
1778910486544 0.40832384475661665 77
1778910486881 0.39656115485274274 78
1778910487219 0.41412779025714413 79
1778910487558 0.38964628007100977 80
1778910487908 0.38922721200891774 81
1778910488246 0.3930945475692944 82
1778910488598 0.37872120395036 83
1778910488935 0.370817766012743 84
1778910489273 0.36480367694364485 85
1778910489610 0.3574692869125425 86
1778910489949 0.3558880705052934 87
1778910490284 0.3803422597363172 88
1778910490622 0.3622960971139581 89
1778910490959 0.36753785838861297 90
1778910491298 0.3422870917240982 91
1778910491637 0.33466923976188423 92
1778910491972 0.34070363938046233 93
1778910492310 0.3252982408799174 94
1778910492648 0.32278080097854595 95
1778910492984 0.32495659498302526 96
1778910493322 0.31980662768149315 97
1778910493658 0.32410937044626614 98
1778910493996 0.32880525805456257 99
1778910494333 0.3184608023642274 100
1778910494668 0.31576825994664753 101
1778910495006 0.3111024866323642 102
1778910495342 0.3086309239382634 103
1778910495675 0.3234318451732016 104
1778910496015 0.3108351799228307 105
1778910496357 0.31096716091760895 106
1778910496693 0.3093147562135516 107
1778910497029 0.319905847615903 108
1778910497452 0.3062446821681069 109
1778910497787 0.3069958508472004 110
1778910498122 0.31173207875712755 111
1778910498461 0.30503903024489315 112
1778910498794 0.30382177530957 113
1778910499127 0.30475477809491364 114
1778910499463 0.2983344406880381 115
1778910499800 0.29938320011434044 116
1778910500133 0.29440024777141677 117
1778910500469 0.28583378011308364 118
1778910500805 0.28834109461825824 119
1778910501141 0.2955803743103886 120
1778910501475 0.29037122211188 121
1778910501807 0.30232307170053274 122
1778910502182 0.2828128173223237 123
1778910502518 0.2983294723893675 124
1778910502855 0.3070743606828363 125
1778910503196 0.2993951099912834 126
1778910503533 0.28077083700300787 127
1778910503871 0.2727214027853573 128
1778910504208 0.2891606708316852 129
1778910504546 0.27665362066929905 130
1778910504883 0.28577783223613146 131
1778910505218 0.29354743457511256 132
1778910505555 0.2818447120506745 133
1778910505892 0.2767336522526753 134
1778910506226 0.268351582614967 135
1778910506563 0.27233398928666663 136
1778910506901 0.27819922604524266 137
1778910507238 0.27178893304999224 138
1778910507575 0.2639550420329394 139
1778910507912 0.26264686585234864 140
1778910508247 0.26176494295182434 141
1778910508586 0.2649246263686958 142
1778910508924 0.2739002064365865 143
1778910509259 0.2587305512422186 144
1778910509596 0.25985032602039443 145
1778910509985 0.2712836345595777 146
1778910510336 0.2674438024649535 147
1778910510674 0.2653167568280569 148
1778910511010 0.2623988095756687 149
1778910511344 0.2597671459855326 150
1778910511687 0.25989716627713666 151
1778910512034 0.25952445668027835 152
1778910512375 0.2582663117772173 153
1778910512713 0.27074864678218236 154
1778910513052 0.2562479865749169 155
1778910513389 0.2603277158554253 156
1778910513741 0.25920112145221447 157
1778910514084 0.2704420978455897 158
1778910514437 0.2595335272953029 159
1778910514791 0.24929257350809433 160
1778910515306 0.2592025209418343 161
1778910515649 0.25785541705920567 162
1778910515991 0.24600622233222513 163
1778910516331 0.25123903201059306 164
1778910516665 0.2677361547489605 165
1778910517003 0.24834294620987094 166
1778910517339 0.24888893039635077 167
1778910517681 0.24809746440414274 168
1778910518031 0.24422641151853838 169
1778910518370 0.24549475838156307 170
1778910518705 0.24674737125711368 171
1778910519044 0.25023454694491826 172
1778910519381 0.24589846986334038 173
1778910519717 0.2443647755838721 174
1778910520052 0.238519941525691 175
1778910520389 0.2530264083076926 176
1778910520727 0.2541171616834143 177
1778910521086 0.24952507194350748 178
1778910521423 0.2505555734838671 179
1778910521762 0.24970326585995267 180
1778910522100 0.24377279193200113 181
1778910522444 0.24834249033342543 182
1778910522780 0.23710466281075002 183
1778910523116 0.22947688217815534 184
1778910523455 0.23333064735393086 185
1778910523793 0.22749471481498854 186
1778910524136 0.24092413298309306 187
1778910524615 0.2381079972095197 188
1778910524953 0.23120675824792183 189
1778910525287 0.23125194790570633 190
1778910525624 0.23144945761431818 191
1778910525968 0.23635594813567598 192
1778910526304 0.23642682762402098 193
1778910526641 0.22451579532659877 194
1778910526976 0.22924280570596076 195
1778910527312 0.2275931495992119 196
1778910527647 0.23256966940429816 197
1778910527982 0.22658159555224203 198
1778910528435 0.2304990712334128 199
1778910528814 0.23502070310018253 200
1778910529165 0.23386230218745863 201
1778910529515 0.22653557943261188 202
1778910529870 0.22144065778273755 203
1778910530310 0.2241779603921544 204
1778910530702 0.22257925246072852 205
1778910531052 0.22557146199371503 206
1778910531419 0.22483347706934986 207
1778910531773 0.22233775955484347 208
1778910532124 0.22672174009673127 209
1778910532606 0.232338982736668 210
1778910532968 0.2261020841500948 211
1778910533366 0.22853638910119187 212
1778910533763 0.22119825053245515 213
1778910534119 0.2198281876952447 214
1778910534477 0.21682008224375107 215
1778910534833 0.21840698228162878 216
1778910535194 0.22613656174038987 217
1778910535572 0.21509342665410103 218
1778910535920 0.2143213776752467 219
1778910536312 0.2177313608510415 220
1778910536676 0.215322812652344 221
1778910537030 0.2169770275616585 222
1778910537405 0.2176567805392663 223
1778910537749 0.21630544000117066 224
1778910538116 0.2149726967601215 225
1778910538474 0.21733057190237753 226
1778910538830 0.2157664789491907 227
1778910539176 0.214783839671813 228
1778910539529 0.2097119697372017 229
1778910539877 0.2100210719553711 230
1778910540234 0.2165514923956083 231
1778910540583 0.20517211599880472 232
1778910540934 0.20761489780510173 233
1778910541306 0.20584823416017206 234
1778910541680 0.21289399651157886 235
1778910542032 0.2077876988350583 236
1778910542385 0.21730026233074307 237
1778910542733 0.2120181517604062 238
1778910543083 0.2164918500596605 239
1778910543428 0.20927024687952397 240
1778910543768 0.20243864977146353 241
1778910544123 0.19990087755958139 242
1778910544467 0.2002240752853701 243
1778910544825 0.20718311043956394 244
1778910545168 0.20624789660391601 245
1778910545516 0.2039271656357114 246
1778910545867 0.20556401348937198 247
1778910546243 0.20409070713745664 248
1778910546599 0.20804090302466127 249
1778910546967 0.2048392411311874 250
1778910547308 0.19842927611392477 251
1778910547671 0.20455022327735295 252
1778910548023 0.1991590123118647 253
1778910548379 0.21059598699402626 254
1778910548727 0.21638492511971222 255
1778910549087 0.20489758165443644 256
1778910549445 0.20590813637084668 257
1778910549813 0.2072332945016339 258
1778910550169 0.20511450917672014 259
1778910550510 0.20187430354335423 260
1778910550853 0.19798205011640974 261
1778910551210 0.19946276173567223 262
1778910551565 0.205160996073957 263
1778910551927 0.20063867383753248 264
1778910552270 0.1921247365453359 265
1778910552615 0.20017402087483566 266
1778910552964 0.208376427135809 267
1778910553302 0.1959700473510396 268
1778910553804 0.19737058820779366 269
1778910554140 0.19438826298469777 270
1778910554492 0.19240114443442402 271
1778910554919 0.20341096235358197 272
1778910555308 0.20519317880920743 273
1778910555675 0.20870748852067592 274
1778910556032 0.2076374164322758 275
1778910556370 0.2018151604153616 276
1778910556724 0.21174787198338668 277
1778910557083 0.21586857968584047 278
1778910557501 0.19745866451269525 279
1778910557855 0.19251725466355032 280
1778910558198 0.20314708512152552 281
1778910558536 0.2032582352838248 282
1778910558876 0.19748077806456923 283
1778910559214 0.1881112138862195 284
1778910559560 0.18464919364513338 285
1778910559902 0.18732594700573046 286
1778910560327 0.19397052238359475 287
1778910560667 0.19189760130842018 288
1778910561007 0.18877993604106366 289
1778910561345 0.1895166657236226 290
1778910561680 0.17934329460953813 291
1778910562019 0.17942647037603665 292
1778910562382 0.18345694617389718 293
1778910562720 0.1882089298704396 294
1778910563080 0.18449147960261617 295
1778910563426 0.1868019339526096 296
1778910563762 0.19701730915347634 297
1778910564099 0.19510837421392846 298
1778910564434 0.1780121410289384 299
