1778911187665 0.9436719670624989 0
1778911187997 0.9337949995189676 1
1778911188362 0.8659260730304377 2
1778911188684 0.7800911169527741 3
1778911189010 0.7632933544076007 4
1778911189333 0.7582064059079455 5
1778911189667 0.7564289194848531 6
1778911189967 0.7554494534307123 7
1778911190283 0.7547254176700816 8
1778911190580 0.7548098396462248 9
1778911190884 0.7540348222493516 10
1778911191185 0.75414711953429 11
1778911191486 0.7540214604428966 12
1778911191790 0.7533250780361692 13
1778911192094 0.7529031029137809 14
1778911192402 0.752782878973295 15
1778911192727 0.7529321520224862 16
1778911193045 0.7528686471607374 17
1778911193363 0.7527674351201947 18
1778911193672 0.7522258160974059 19
1778911193976 0.7524024894475327 20
1778911194283 0.7517038408447715 21
1778911194647 0.751470579058313 22
1778911194962 0.7507285782138405 23
1778911195274 0.7497702821746202 24
1778911195596 0.7471564183454684 25
1778911195910 0.7442290231090067 26
1778911196225 0.740729451636829 27
1778911196545 0.740105933393054 28
1778911196851 0.7381267703097799 29
1778911197157 0.7375169913177295 30
1778911197462 0.7364265337929397 31
1778911197757 0.7354463649832684 32
1778911198051 0.7311689876534445 33
1778911198355 0.7281620298200251 34
1778911198652 0.7250669516260971 35
1778911198946 0.7277305267960824 36
1778911199237 0.7304374572566098 37
1778911199527 0.7251789700954466 38
1778911199820 0.7205802074173833 39
1778911200142 0.7180603265457446 40
1778911200442 0.7139760257338014 41
1778911200766 0.7119434640535613 42
1778911201060 0.7050873731713161 43
1778911201352 0.7025827579486096 44
1778911201642 0.698786076682303 45
1778911201935 0.7029083534274869 46
1778911202240 0.7074360518199404 47
1778911202536 0.6937566161765467 48
1778911202835 0.6990432676756778 49
1778911203129 0.6946279007150694 50
1778911203422 0.6896627193216778 51
1778911203717 0.6897867152757962 52
1778911204014 0.6900625172478464 53
1778911204307 0.6879780048604511 54
1778911204606 0.684035153949962 55
1778911204899 0.6866466651487229 56
1778911205212 0.6888531178159787 57
1778911205503 0.6928008648440661 58
1778911205806 0.6864863359714712 59
1778911206106 0.677218053194568 60
1778911206403 0.6746351403348586 61
1778911206696 0.6737106029334885 62
1778911206990 0.676316218912754 63
1778911207282 0.6680121998043012 64
1778911207573 0.6658027100441096 65
1778911207900 0.6598031490355196 66
1778911208192 0.6484760006370447 67
1778911208480 0.6491995045291189 68
1778911208771 0.647692203369287 69
1778911209060 0.6508500789437452 70
1778911209359 0.626758536109534 71
1778911209653 0.6169258737198228 72
1778911209950 0.6240271111888349 73
1778911210246 0.6442754475966744 74
1778911210592 0.5961149952295796 75
1778911210892 0.5862759277033989 76
1778911211184 0.6004615447405354 77
1778911211475 0.5828601413828027 78
1778911211765 0.5662416677035944 79
1778911212057 0.5396454116267622 80
1778911212349 0.5363678423035175 81
1778911212639 0.5176495626911788 82
1778911212935 0.5072948644533182 83
1778911213224 0.5088692216007301 84
1778911213525 0.5058573077401847 85
1778911213817 0.4762222617483505 86
1778911214111 0.4589230492139411 87
1778911214406 0.44696191448689726 88
1778911214699 0.4280012494615277 89
1778911214992 0.45275104846186043 90
1778911215285 0.4187984201304443 91
1778911215577 0.4180680210785488 92
1778911215866 0.4036354021648007 93
1778911216160 0.37768438801436166 94
1778911216450 0.37738813250266073 95
1778911216745 0.3634378306396172 96
1778911217035 0.3558796612198091 97
1778911217374 0.35644053620145755 98
1778911217664 0.3678723796249351 99
1778911217964 0.3584996333817387 100
1778911218256 0.3492741241784352 101
1778911218550 0.34036411150642065 102
1778911218837 0.3475705681706938 103
1778911219128 0.3449076045961941 104
1778911219417 0.3341809049286806 105
1778911219708 0.333363911227497 106
1778911220084 0.3326031885793447 107
1778911220377 0.34612577109385634 108
1778911220668 0.3459788436627449 109
1778911220956 0.3375290050683424 110
1778911221245 0.34077492295323736 111
1778911221538 0.3427054978087735 112
1778911221828 0.3232556720219 113
1778911222124 0.3189199646872938 114
1778911222417 0.31464161264622 115
1778911222708 0.3192180536134773 116
1778911223001 0.31221468392235546 117
1778911223291 0.32061296373681947 118
1778911223578 0.3228590364193977 119
1778911223870 0.31504739641838364 120
1778911224160 0.3168390508350509 121
1778911224453 0.31771446852123036 122
1778911224743 0.32097621898516976 123
1778911225036 0.3120656323707317 124
1778911225328 0.30840036753193495 125
1778911225618 0.31364143489266905 126
1778911225910 0.3121561941588321 127
1778911226202 0.31288084273448075 128
1778911226491 0.3083352792598402 129
1778911226785 0.30169806974318325 130
1778911227077 0.3081738915284881 131
1778911227370 0.31341141668122136 132
1778911227660 0.3154154161510565 133
1778911227960 0.31414894801576426 134
1778911228257 0.306094992343727 135
1778911228552 0.3028355422227279 136
1778911228846 0.3022486553777514 137
1778911229144 0.3058151482316234 138
1778911229443 0.3080676204103338 139
1778911229738 0.3088396446174368 140
1778911230119 0.2994174243848952 141
1778911230417 0.2984743331704298 142
1778911230724 0.3005387221303437 143
1778911231025 0.3003712726371063 144
1778911231319 0.2996131554436501 145
1778911231611 0.298434759726 146
1778911231902 0.3200594237850755 147
1778911232195 0.3044119221932443 148
1778911232489 0.3091356261154575 149
1778911232783 0.31134985764618117 150
1778911233076 0.2978299147332721 151
1778911233367 0.30858885022380467 152
1778911233659 0.2954869969269199 153
1778911233949 0.2966033521363193 154
1778911234242 0.2936769941121416 155
1778911234533 0.28531042617910046 156
1778911234822 0.2836167283375245 157
1778911235112 0.2917487967349684 158
1778911235396 0.2812905836745601 159
1778911235686 0.2809116739751128 160
1778911235979 0.287660989157684 161
1778911236266 0.2794569489901023 162
1778911236555 0.2851136756675018 163
1778911236850 0.2768109991879719 164
1778911237143 0.2719411457438603 165
1778911237433 0.2728486174665144 166
1778911237725 0.26897509384643087 167
1778911238017 0.2730886181602088 168
1778911238305 0.2604294973794761 169
1778911238598 0.26669081588230475 170
1778911238891 0.27206211401830854 171
1778911239184 0.28177166289990513 172
1778911239476 0.2733739993303938 173
1778911239767 0.2739803151553854 174
1778911240058 0.2684418063639375 175
1778911240346 0.265419658568814 176
1778911240636 0.26680292596902383 177
1778911240928 0.26889192829351594 178
1778911241221 0.26943710682642125 179
1778911241518 0.27512921267153356 180
1778911241810 0.27135898169044337 181
1778911242101 0.29119141388427267 182
1778911242391 0.2804858280569696 183
1778911242684 0.26919298655236773 184
1778911242975 0.28687853756768017 185
1778911243265 0.2818959155655883 186
1778911243560 0.2670917710684754 187
1778911243853 0.27966091905713386 188
1778911244142 0.25945060610618736 189
1778911244433 0.26115700457711966 190
1778911244724 0.2552748859081122 191
1778911245016 0.2580697819247575 192
1778911245308 0.25925935061691363 193
1778911245598 0.25143379487497425 194
1778911245892 0.2560087582644294 195
1778911246184 0.25750203971820107 196
1778911246479 0.2540449426911981 197
1778911246772 0.2567197308515954 198
1778911247063 0.2528839001570211 199
1778911247379 0.2541569044141818 200
1778911247669 0.2638207156487438 201
1778911247961 0.25724135632710077 202
1778911248250 0.2587633509465191 203
1778911248540 0.2599713450959881 204
1778911248830 0.25940861913096874 205
1778911249123 0.2652704167701399 206
1778911249418 0.25982244766276813 207
1778911249710 0.24692788525767947 208
1778911250001 0.25166775270953506 209
1778911250290 0.24799965882240355 210
1778911250577 0.25265917242945307 211
1778911250864 0.25127812141500167 212
1778911251152 0.25058034157661524 213
1778911251439 0.2468568271840625 214
1778911251732 0.2406742892911672 215
1778911252023 0.23525273155830706 216
1778911252315 0.23900383505065118 217
1778911252613 0.23919593914390525 218
1778911252903 0.24077472875795097 219
1778911253195 0.23861958189388674 220
1778911253485 0.24055834827215775 221
1778911253780 0.24422344512037 222
1778911254070 0.24405545118214833 223
1778911254357 0.2425625869227797 224
1778911254648 0.2360617455161746 225
1778911254938 0.23370539776199614 226
1778911255227 0.24282893401277644 227
1778911255516 0.24691037056238754 228
1778911255808 0.23723306973724415 229
1778911256101 0.23763548946746474 230
1778911256394 0.2376655856209338 231
1778911256680 0.23375837009428713 232
1778911256972 0.23844350626706468 233
1778911257262 0.23507133057660154 234
1778911257558 0.23580656686554785 235
1778911257848 0.2331246746241894 236
1778911258140 0.2359458252292155 237
1778911258428 0.2393714507370044 238
1778911258718 0.25415467145040516 239
1778911259008 0.24869056122229838 240
1778911259298 0.23814456999454353 241
1778911259620 0.23472531197016197 242
1778911259917 0.23368812079929635 243
1778911260214 0.24358049465719697 244
1778911260507 0.22868093063154488 245
1778911260816 0.22656220540671093 246
1778911261111 0.22511063611415952 247
1778911261401 0.23020485923875628 248
1778911261693 0.2284985893903791 249
1778911261987 0.2253671578891442 250
1778911262288 0.23253850055777509 251
1778911262592 0.22550168275223365 252
1778911262887 0.22543758009095935 253
1778911263197 0.2217143842250185 254
1778911263492 0.22715501834059615 255
1778911263804 0.22615712751512942 256
1778911264095 0.22435994743538634 257
1778911264387 0.22550857230982818 258
1778911264684 0.2229343649295285 259
1778911264982 0.22343855894282652 260
1778911265279 0.22645935149448912 261
1778911265570 0.2308607019884202 262
1778911265863 0.2279848698002603 263
1778911266161 0.2186241306917137 264
1778911266450 0.2185917824049435 265
1778911266741 0.2293797668517398 266
1778911267032 0.2340211789778736 267
1778911267338 0.2257545695966467 268
1778911267640 0.22419944119727825 269
1778911267931 0.22282931902219572 270
1778911268217 0.22070728901706999 271
1778911268505 0.23868926646916763 272
1778911268797 0.21811390670059283 273
1778911269087 0.22471766631164208 274
1778911269380 0.22554580520485978 275
1778911269670 0.23838783137481231 276
1778911269960 0.22926480469801236 277
1778911270254 0.21450291368205224 278
1778911270549 0.2143907072522756 279
1778911270848 0.2109545279494332 280
1778911271144 0.21454349613708 281
1778911271438 0.21545664596435665 282
1778911271731 0.2111057530888511 283
1778911272030 0.22090869074892205 284
1778911272332 0.21183855069415344 285
1778911272628 0.2074282461267603 286
1778911272938 0.2090947477104109 287
1778911273237 0.20916713911401646 288
1778911273530 0.21782685961107465 289
1778911273822 0.2186812935277934 290
1778911274113 0.21148540944699437 291
1778911274404 0.21379536302650676 292
1778911274696 0.21422010260012447 293
1778911274985 0.21499386052493855 294
1778911275277 0.21620647552068276 295
1778911275573 0.21855711593957203 296
1778911275867 0.21507587998419467 297
1778911276164 0.21529255098546557 298
1778911276460 0.21265200321631664 299
