1778910045703 0.9446601414924387 0
1778910046066 0.8581076977807848 1
1778910046419 0.7703836137986244 2
1778910046764 0.7629132520817125 3
1778910047109 0.7612853496885665 4
1778910047455 0.7605188421885986 5
1778910047802 0.7608526115832122 6
1778910048146 0.7599452369658234 7
1778910048492 0.7589855268788155 8
1778910048893 0.7579303708527704 9
1778910049260 0.7550664018182194 10
1778910049605 0.7495831863959427 11
1778910049952 0.7483843284494737 12
1778910050299 0.748750432982774 13
1778910050645 0.7475760972408383 14
1778910050989 0.7474729728210917 15
1778910051334 0.7462872493907314 16
1778910051679 0.7459268815377179 17
1778910052024 0.7455038013665573 18
1778910052368 0.7454248345111643 19
1778910052713 0.7450418136918636 20
1778910053056 0.7450261320299505 21
1778910053401 0.7439088986048004 22
1778910053746 0.7427469752633663 23
1778910054088 0.744787831135723 24
1778910054431 0.744736198878959 25
1778910054791 0.7401492793846618 26
1778910055158 0.7429459184941734 27
1778910055514 0.7480338013080685 28
1778910055888 0.7421181601331667 29
1778910056239 0.7466469512266272 30
1778910056591 0.7428192445994033 31
1778910057091 0.7257133870173598 32
1778910057493 0.7281164885177027 33
1778910057846 0.7066303474823837 34
1778910058221 0.6995334908785418 35
1778910058610 0.6941079521727989 36
1778910059059 0.668566238239903 37
1778910059427 0.6529830427425901 38
1778910059785 0.6486874324891269 39
1778910060137 0.6419145957283352 40
1778910060495 0.6641898595768473 41
1778910060844 0.625250759789401 42
1778910061204 0.6135922911222024 43
1778910061831 0.6072976406273025 44
1778910062207 0.5989184248477907 45
1778910062569 0.5986521821802534 46
1778910062977 0.5848420199835697 47
1778910063375 0.5799815918478515 48
1778910063758 0.5809479822283206 49
1778910064118 0.6187316142689542 50
1778910064478 0.5874390510646889 51
1778910064825 0.5795294855866591 52
1778910065169 0.5688834889313145 53
1778910065510 0.5670766557573967 54
1778910066004 0.5881568867227306 55
1778910066515 0.5811394300607159 56
1778910067027 0.5618804286203116 57
1778910067525 0.559484014120858 58
1778910067984 0.5525545842964631 59
1778910068440 0.537555610889669 60
1778910068904 0.5333865922125404 61
1778910069366 0.5241517067870216 62
1778910069820 0.5382781118688071 63
1778910070222 0.5304310555043428 64
1778910070566 0.5166305882851486 65
1778910070917 0.506188735403978 66
1778910071261 0.5168609292915715 67
1778910071602 0.5010459151719232 68
1778910071943 0.5042881951917468 69
1778910072311 0.48627788750716794 70
1778910072654 0.48230814194435356 71
1778910072999 0.48519963330929844 72
1778910073343 0.48536189925640133 73
1778910073684 0.4747005367218076 74
1778910074025 0.4705756174024109 75
1778910074368 0.4569177920251246 76
1778910074712 0.43119931693577096 77
1778910075060 0.4491937883064875 78
1778910075399 0.44920307809434584 79
1778910075743 0.4219646015587975 80
1778910076087 0.39558546355618235 81
1778910076432 0.3833273959434246 82
1778910076777 0.38649450825608295 83
1778910077119 0.3780699687845567 84
1778910077462 0.3723199788261862 85
1778910077808 0.3586428525197841 86
1778910078147 0.39692866337268856 87
1778910078490 0.41756031580288394 88
1778910078830 0.394038737811091 89
1778910079168 0.3788990993481463 90
1778910079508 0.37978081851054335 91
1778910079851 0.3739322959766973 92
1778910080195 0.3686686757275516 93
1778910080539 0.36441289037084945 94
1778910080879 0.3832194139737912 95
1778910081223 0.35054023422853414 96
1778910081565 0.33845704969237833 97
1778910081909 0.3351052341711186 98
1778910082249 0.3366010423054171 99
