1778910823910 0.9472410280991088 0
1778910824234 0.9425372844157012 1
1778910824551 0.937515111987853 2
1778910824856 0.9156155212760886 3
1778910825254 0.8431818319098724 4
1778910825575 0.7819043830837435 5
1778910825868 0.764825977175437 6
1778910826153 0.7612810720263234 7
1778910826441 0.7605146735220614 8
1778910826735 0.7588513040786509 9
1778910827028 0.758241636216488 10
1778910827324 0.7580318374706961 11
1778910827617 0.7579221531863103 12
1778910827905 0.7574336577559371 13
1778910828194 0.7571739362328863 14
1778910828479 0.757167588261997 15
1778910828765 0.756672996236845 16
1778910829060 0.756328058059868 17
1778910829348 0.756478654911451 18
1778910829637 0.7556928066951235 19
1778910829924 0.7549629589480817 20
1778910830212 0.754144546320981 21
1778910830502 0.7526789661258688 22
1778910830788 0.7506464533793652 23
1778910831080 0.7483647662355467 24
1778910831367 0.7476767094238944 25
1778910831657 0.7468343659130203 26
1778910831946 0.7461706059972953 27
1778910832234 0.7457107741509557 28
1778910832520 0.7449326102081162 29
1778910832808 0.7454348192800342 30
1778910833097 0.7451114858812689 31
1778910833386 0.7457251977127837 32
1778910833671 0.7449556121131038 33
1778910833957 0.7449018220462458 34
1778910834243 0.7448426210666861 35
1778910834532 0.7443262369126615 36
1778910834823 0.7441321777565705 37
1778910835115 0.7435437590264908 38
1778910835409 0.7432852184681027 39
1778910835713 0.7435400063729347 40
1778910836003 0.7429059818577584 41
1778910836293 0.7424730658531189 42
1778910836582 0.7422500722243658 43
1778910836872 0.7419124286802833 44
1778910837158 0.7412424779609036 45
1778910837457 0.740891587093968 46
1778910837761 0.7392283748177921 47
1778910838074 0.7375361163293004 48
1778910838377 0.7353235109687766 49
1778910838673 0.7328128494570018 50
1778910839056 0.7311139373523196 51
1778910839404 0.7287434963009242 52
1778910839700 0.7281276873310508 53
1778910840009 0.7261799732437524 54
1778910840326 0.7236662987248063 55
1778910840739 0.7219214750372845 56
1778910841054 0.7244493084795335 57
1778910841352 0.7188357793156753 58
1778910841680 0.71147374286676 59
1778910842013 0.7129966566324843 60
1778910842325 0.7046789116871631 61
1778910842835 0.7110485218065169 62
1778910843160 0.7047049798014219 63
1778910843458 0.7034477154007348 64
1778910843765 0.6951197381214718 65
1778910844101 0.69305951043468 66
1778910844412 0.6899553554137344 67
1778910844722 0.6842799064753305 68
1778910845041 0.6846912273055757 69
1778910845354 0.6818224424901216 70
1778910845676 0.6838763084862848 71
1778910845999 0.6803190627366381 72
1778910846310 0.6796172598133916 73
1778910846603 0.6750676231006222 74
1778910846893 0.6687882298703693 75
1778910847192 0.6718773581182865 76
1778910847505 0.6739650673573584 77
1778910847822 0.6603124039557279 78
1778910848126 0.6576720299318318 79
1778910848452 0.6506221346233202 80
1778910848755 0.6399989146405779 81
1778910849075 0.646160695406482 82
1778910849384 0.6352039929241171 83
1778910849822 0.6217884082928338 84
1778910850228 0.6712552621541426 85
1778910850552 0.6345972334942245 86
1778910850896 0.6149396623491936 87
1778910851269 0.6038021623630963 88
1778910851593 0.5973369735281181 89
1778910851921 0.6002202561444334 90
1778910852230 0.5863502086580866 91
1778910852535 0.60547411838151 92
1778910852845 0.6133130028119782 93
1778910853141 0.5870668824066592 94
1778910853440 0.5830604275474158 95
1778910853744 0.5868604509421932 96
1778910854036 0.5724138754712956 97
1778910854327 0.54581275528959 98
1778910854619 0.5437124808273657 99
1778910854910 0.5305550965811591 100
1778910855204 0.5232701597311308 101
1778910855496 0.5271033035672229 102
1778910855788 0.5037457000873887 103
1778910856085 0.4925782312365139 104
1778910856376 0.4860209739574081 105
1778910856663 0.4855945453314525 106
1778910856954 0.479978489830061 107
1778910857249 0.48625488598328415 108
1778910857541 0.5155208324227492 109
1778910857832 0.4874372373304099 110
1778910858119 0.4665095836610135 111
1778910858414 0.4652021544058914 112
1778910858713 0.45238310548350635 113
1778910859008 0.4501887479096727 114
1778910859307 0.4442237045453942 115
1778910859617 0.4385520122240267 116
1778910859920 0.4580177080143443 117
1778910860223 0.43095170902779034 118
1778910860537 0.4371776605963402 119
1778910860829 0.45673070493561535 120
1778910861133 0.44915819244311594 121
1778910861446 0.45851535573030067 122
1778910861737 0.4404626701341566 123
1778910862038 0.44692960030892315 124
1778910862326 0.43647316136323583 125
1778910862614 0.432418666684719 126
1778910862902 0.41416782559946064 127
1778910863191 0.4138888974323907 128
1778910863479 0.4052901752007282 129
1778910863771 0.39879712508157694 130
1778910864060 0.4006613766598275 131
1778910864355 0.39725504323954475 132
1778910864649 0.4061860049624577 133
1778910864939 0.38913582467362096 134
1778910865226 0.39691091079236296 135
1778910865515 0.3927964434751769 136
1778910865803 0.38672202993231963 137
1778910866095 0.39106039485663097 138
1778910866388 0.3863127739990459 139
1778910866677 0.38549018569309695 140
1778910866967 0.37165788974603425 141
1778910867253 0.3666300456542188 142
1778910867546 0.3737392978899924 143
1778910867835 0.3662015102860873 144
1778910868124 0.3659844896220185 145
1778910868415 0.3709613558886301 146
1778910868702 0.3659303266069163 147
1778910868992 0.37350844772880337 148
1778910869309 0.3662991010776871 149
1778910869602 0.36409188223921735 150
1778910869896 0.35098664435889104 151
1778910870210 0.353946076253491 152
1778910870504 0.36158508047118515 153
1778910870800 0.36332078914508187 154
1778910871089 0.3605074833726029 155
1778910871395 0.3559185849583667 156
1778910871728 0.34860890821727647 157
1778910872023 0.33202116279041066 158
1778910872313 0.3409886232879766 159
1778910872606 0.33452448805274865 160
1778910872904 0.3291804782874749 161
1778910873196 0.33676447580232644 162
1778910873494 0.3368720569269127 163
1778910873782 0.3312092864757304 164
1778910874072 0.3301600075286368 165
1778910874365 0.3339928278837667 166
1778910874658 0.3257191040174431 167
1778910874952 0.3156213011887982 168
1778910875244 0.31323223139928735 169
1778910875534 0.3245330836309496 170
1778910875825 0.3136007442803639 171
1778910876117 0.31624637860471333 172
1778910876405 0.3109397443054277 173
1778910876693 0.3105243880425573 174
1778910876982 0.30967748119398153 175
1778910877272 0.30080222511840293 176
1778910877562 0.30507934710863605 177
1778910877852 0.30644089075000697 178
1778910878144 0.3101207691690196 179
1778910878432 0.30696530903086944 180
1778910878725 0.2966909932206049 181
1778910879025 0.3025261323775172 182
1778910879320 0.29390449688562653 183
1778910879606 0.2963759524895407 184
1778910879899 0.2986005200906788 185
1778910880189 0.3081681393753842 186
1778910880479 0.29807558030728487 187
1778910880771 0.2942583046453383 188
1778910881062 0.2926141856728917 189
1778910881349 0.3000609545451601 190
1778910881641 0.29343830906521634 191
1778910881930 0.2890516546985987 192
1778910882217 0.28878105837670737 193
1778910882509 0.2876369668852033 194
1778910882800 0.2924794778037254 195
1778910883114 0.28809598461746255 196
1778910883407 0.2953105465987759 197
1778910883698 0.29545634405692217 198
1778910883986 0.28699142762157315 199
1778910884275 0.294101074604732 200
1778910884565 0.28613460871874524 201
1778910884856 0.2940050551043752 202
1778910885162 0.2927507406762799 203
1778910885461 0.28750714431028535 204
1778910885751 0.28509074167522325 205
1778910886044 0.2860427741961711 206
1778910886376 0.27752041511828335 207
1778910886675 0.27781127515198933 208
1778910886965 0.27648266745955136 209
1778910887289 0.2739458279993833 210
1778910887581 0.27513060255733596 211
1778910887893 0.2841642114055126 212
1778910888192 0.2806663466688922 213
1778910888504 0.2775637162920764 214
1778910888901 0.278121123076095 215
1778910889293 0.2733027360323445 216
1778910889585 0.27437090462126085 217
1778910889875 0.28003267978158447 218
1778910890166 0.28031990012092056 219
1778910890457 0.27628041129282976 220
1778910890747 0.274775116263753 221
1778910891033 0.277809787208162 222
1778910891332 0.2758569413286341 223
1778910891622 0.2704712671544546 224
1778910891915 0.27233059296522605 225
1778910892209 0.27301463896356276 226
1778910892502 0.27247625391196717 227
1778910892792 0.27150820363360595 228
1778910893086 0.2679087034881572 229
1778910893376 0.26668191264809854 230
1778910893664 0.27097898188149533 231
1778910893953 0.26921266058216925 232
1778910894242 0.27343017198240666 233
1778910894534 0.2722625370373202 234
1778910894823 0.2679565955915719 235
1778910895115 0.27523805875607465 236
1778910895404 0.27435864809224064 237
1778910895695 0.2605621339872365 238
1778910895987 0.26155450250334145 239
1778910896277 0.25791200183694013 240
1778910896569 0.25884112273640647 241
1778910896863 0.2590395655016155 242
1778910897154 0.2578249409832918 243
1778910897443 0.25760518025864115 244
1778910897731 0.25693578000568673 245
1778910898021 0.26319126034026863 246
1778910898310 0.2547162815433024 247
1778910898603 0.25804844628209656 248
1778910898895 0.2544217013642001 249
1778910899187 0.2552154252443777 250
1778910899479 0.2520764872546086 251
1778910899770 0.2511876829140022 252
1778910900065 0.24927495843004388 253
1778910900356 0.251657860663236 254
1778910900644 0.25307802897889903 255
1778910900936 0.25773697161613524 256
1778910901252 0.25335833933347324 257
1778910901549 0.25493936496012654 258
1778910901845 0.2515507521836654 259
1778910902141 0.2500819912956804 260
1778910902554 0.26783996149707023 261
1778910902859 0.25799497413208416 262
1778910903153 0.26695974308359044 263
1778910903448 0.2538507226711649 264
1778910903736 0.25179416192766957 265
1778910904024 0.2466003944730515 266
1778910904463 0.24367712823021442 267
1778910904758 0.24705010252383053 268
1778910905050 0.249405386655227 269
1778910905446 0.25222191062119914 270
1778910905754 0.2516981087377309 271
1778910906044 0.24110338941711904 272
1778910906331 0.24029979986302993 273
1778910906622 0.2421009241391326 274
1778910906911 0.24452698547059618 275
1778910907205 0.24813266955983 276
1778910907495 0.24774274721627346 277
1778910907782 0.25088957992508587 278
1778910908073 0.2394878604375493 279
1778910908452 0.23533963604503885 280
1778910908741 0.24148899621670813 281
1778910909032 0.24267549976668396 282
1778910909337 0.24057324729916996 283
1778910909637 0.2400709355578703 284
1778910909931 0.23201289258497146 285
1778910910222 0.23823095309307507 286
1778910910520 0.23754420632596515 287
1778910910811 0.23952596567933213 288
1778910911103 0.24185333753485813 289
1778910911394 0.23331299511825337 290
1778910911764 0.23656896263589638 291
1778910912137 0.23414310515689118 292
1778910912433 0.23205726500362386 293
1778910912747 0.23337111928883722 294
1778910913061 0.2339180823787094 295
1778910913390 0.23687341496767594 296
1778910913699 0.23991408303875447 297
1778910914042 0.24226646334923746 298
1778910914360 0.23215283689748906 299
